AL
AK,	693,	698,	726,	775
AZ,	96,	185,	220,	227,	360,	395,	402,	410,	436,	443,	449,	504,	520,	531,	585,	628,	640,	643,	648,	702,	738,	768
AR,	86,	89,	204,	205,	401,	441,	509,	625
CA,	50,	66,	110,	290,	346,	491,	505,	507,	523,	531,	565,	620,	643,	697,	781
CO,	92,	164,	317,	333,	423,	494,	521,	550,	777,	801,	804,	811,	817,	844,	846,	850,	852,	853,	859,	874
CT,	124,	207,	496,	514,	530,	557,	559,	571,	577,	605,	608,	643,	675,	699,	706,	724,	732,	746,	754,	773,	774,	789,	797,	843,	852,	860,	864,	867
DC,	477,	556,	563,	570,	572,	577,	584,	592,	598,	599,	600,	802
DE
FL
GA,	41,	92,	126,	134,	234,	291,	415,	471,	796,	797,	798
HI,	278,	361,	824
ID,	109,	162,	239,	268,	362,	377,	393,	463,	473,	501,	618,	729,	750,	789
IL,	117
IN,	822
IA,	607,	766
KS,	80,	91,	317,	406,	413,	437,	444,	661,	873
KY,	865
LA,	99,	103,	147,	502
ME,	332,	335,	405,	465,	589,	786,	854
MD
MA,	222,	780
MI,	563,	565,	567,	570,	572,	574,	577,	579,	581,	584,	586,	588,	592,	593,	595,	598,	600,	602,	605,	607,	609,	612,	614,	616,	619,	621,	623,	626,	628,	630,	633,	635,	637,	640,	642,	644,	647,	649,	651,	654,	656,	658,	661,	663,	665,	668,	670,	675,	677,	679,	682,	684,	686,	689,	691,	693,	694,	696,	698,	703,	705,	710,	712,	714,	719,	721,	726,	728,	733,	735,	784
MN,	101,	110,	156,	206,	210,	265,	410,	574,	577,	578,	580,	587,	593,	595,	598,	599,	600,	602,	605,	606,	608,	609,	647
MS,	573,	576,	577,	578,	579,	580,	583,	584,	585,	587,	590,	591,	592,	593,	594,	597,	598,	599,	600,	601,	604,	605,	606,	607,	608,	611,	612,	613,	615,	618,	619,	621,	622,	625,	626,	627,	628,	629,	632,	634,	637,	640,	641,	643,	644,	647,	648,	651,	654,	661,	663,	664,	668,	669,	670,	675,	676,	679,	692,	696,	697,	703,	738,	745
MO,	451,	490,	639,	664,	773,	854
MT,	95,	102,	105,	266,	273,	308,	378,	395,	441,	484,	770,	803,	822,	823,	832
NE,	94,	132,	164,	165,	336,	446,	469,	470,	471,	477,	478,	479,	480,	481,	510,	514,	522,	545,	546,	549,	580,	612,	767,	788,	789,	796,	797,	867
NV,	64,	111,	113,	116,	119,	123,	126,	129,	130,	132,	134,	137,	140,	142,	144,	158,	170,	235,	239,	255,	267,	271,	514,	621,	780,	802,	809,	811,	816,	818,	819,	826
NH
NJ,	153,	176,	177,	180,	187,	194,	201,	215,	250,	373,	458,	556,	809,	814
NM,	486,	871
NY,	649
NC
ND,	123,	144,	155,	162,	167,	381
OH,	385,	386,	403,	542,	690,	691,	692
OK,	633,	657,	868
OR,	206,	819
PA,	90,	118,	161,	656,	659,	850
RI
SC
SD,	704,	756
TN,	92,	105,	415,	464,	500,	505,	523,	699,	742,	753,	816,	841
TX,	282,	537,	538,	539,	540,	541,	542,	543,	544,	545,	546,	547,	548,	549,	550,	551,	552,	553,	554,	555,	556,	557,	558,	559,	560,	561,	562,	563,	564,	565,	566,	567,	568,	569,	570,	571,	572,	573,	574,	575,	576,	577,	578,	579,	580,	581,	582,	583,	584,	585,	586,	587,	588,	589,	590,	591,	592,	593,	594,	595,	596,	597,	598,	599,	600,	601,	602,	603,	604,	605,	606,	607,	608,	609,	610,	611,	612,	613,	614,	615,	616,	617,	618,	619,	620,	621,	622,	623,	624,	625,	626,	627,	628,	629,	630,	631,	632,	633,	634,	635,	636,	637,	638,	639,	640,	641,	642,	643,	644,	645,	646,	647,	648,	649,	650,	651,	652,	653,	654,	655,	656,	657,	658,	659,	660,	661,	662,	663,	664,	665,	666,	667,	668,	669,	670,	671,	672,	673,	674,	675,	676,	721,	789,	790,	791,	792,	795,	796,	797,	798,	799,	804,	805,	806,	808,	809,	810,	811,	819,	820,	825,	829,	836,	840
UT,	130,	148,	156,	161,	162,	183,	229,	232,	236,	243,	437,	518,	803
VT
VA,	286,	365,	419,	703,	727
WA,	145,	171,	183,	244,	253,	308,	321,	329,	345,	351,	372,	375,	476,	477,	501,	507,	718,	819
WV,	413,	459,	502,	536,	802,	865
WI,	136,	170,	415,	436,	450,	457,	464,	560,	801,	805,	850
WY,	82,	199,	809
